3
10
9
1
3_10_9_1.input
3
10
10
1
3_10_10_1.input
3
10
11
1
3_10_11_1.input
3
10
12
1
3_10_12_1.input
3
10
13
1
3_10_13_1.input
3
10
14
1
3_10_14_1.input
3
10
15
1
3_10_15_1.input
3
10
16
1
3_10_16_1.input
3
10
17
1
3_10_17_1.input
3
10
18
1
3_10_18_1.input
3
10
19
1
3_10_19_1.input
3
10
20
1
3_10_20_1.input
3
10
21
1
3_10_21_1.input
3
10
22
1
3_10_22_1.input
3
10
23
1
3_10_23_1.input
3
10
24
1
3_10_24_1.input
3
10
25
1
3_10_25_1.input
3
10
26
1
3_10_26_1.input
3
10
27
1
3_10_27_1.input
3
10
28
1
3_10_28_1.input
3
10
29
1
3_10_29_1.input
3
10
30
1
3_10_30_1.input
3
10
31
1
3_10_31_1.input
3
10
32
1
3_10_32_1.input
3
10
33
1
3_10_33_1.input
3
10
34
1
3_10_34_1.input
3
10
35
1
3_10_35_1.input
3
10
36
1
3_10_36_1.input
3
10
37
1
3_10_37_1.input
3
10
38
1
3_10_38_1.input
3
10
39
1
3_10_39_1.input
3
10
40
1
3_10_40_1.input
3
10
41
1
3_10_41_1.input
3
10
42
1
3_10_42_1.input
3
10
43
1
3_10_43_1.input
3
10
44
1
3_10_44_1.input
3
10
45
1
3_10_45_1.input
3
50
49
1
3_50_49_1.input
3
50
61
1
3_50_61_1.input
3
50
73
1
3_50_73_1.input
3
50
85
1
3_50_85_1.input
3
50
97
1
3_50_97_1.input
3
50
109
1
3_50_109_1.input
3
50
121
1
3_50_121_1.input
3
50
133
1
3_50_133_1.input
3
50
145
1
3_50_145_1.input
3
50
157
1
3_50_157_1.input
3
50
169
1
3_50_169_1.input
3
50
181
1
3_50_181_1.input
3
50
193
1
3_50_193_1.input
3
50
205
1
3_50_205_1.input
3
50
217
1
3_50_217_1.input
3
50
229
1
3_50_229_1.input
3
50
241
1
3_50_241_1.input
3
50
253
1
3_50_253_1.input
3
50
265
1
3_50_265_1.input
3
50
277
1
3_50_277_1.input
3
50
289
1
3_50_289_1.input
3
50
301
1
3_50_301_1.input
3
50
313
1
3_50_313_1.input
3
50
325
1
3_50_325_1.input
3
50
337
1
3_50_337_1.input
3
50
349
1
3_50_349_1.input
3
50
361
1
3_50_361_1.input
3
50
373
1
3_50_373_1.input
3
50
385
1
3_50_385_1.input
3
50
397
1
3_50_397_1.input
3
50
409
1
3_50_409_1.input
3
50
421
1
3_50_421_1.input
3
50
433
1
3_50_433_1.input
3
50
445
1
3_50_445_1.input
3
50
457
1
3_50_457_1.input
3
50
469
1
3_50_469_1.input
3
50
481
1
3_50_481_1.input
3
50
493
1
3_50_493_1.input
3
50
505
1
3_50_505_1.input
3
50
517
1
3_50_517_1.input
3
50
529
1
3_50_529_1.input
3
50
541
1
3_50_541_1.input
3
50
553
1
3_50_553_1.input
3
50
565
1
3_50_565_1.input
3
50
577
1
3_50_577_1.input
3
50
589
1
3_50_589_1.input
3
50
601
1
3_50_601_1.input
3
50
613
1
3_50_613_1.input
3
50
625
1
3_50_625_1.input
3
50
637
1
3_50_637_1.input
3
50
649
1
3_50_649_1.input
3
50
661
1
3_50_661_1.input
3
50
673
1
3_50_673_1.input
3
50
685
1
3_50_685_1.input
3
50
697
1
3_50_697_1.input
3
50
709
1
3_50_709_1.input
3
50
721
1
3_50_721_1.input
3
50
733
1
3_50_733_1.input
3
50
745
1
3_50_745_1.input
3
50
757
1
3_50_757_1.input
3
50
769
1
3_50_769_1.input
3
50
781
1
3_50_781_1.input
3
50
793
1
3_50_793_1.input
3
50
805
1
3_50_805_1.input
3
50
817
1
3_50_817_1.input
3
50
829
1
3_50_829_1.input
3
50
841
1
3_50_841_1.input
3
50
853
1
3_50_853_1.input
3
50
865
1
3_50_865_1.input
3
50
877
1
3_50_877_1.input
3
50
889
1
3_50_889_1.input
3
50
901
1
3_50_901_1.input
3
50
913
1
3_50_913_1.input
3
50
925
1
3_50_925_1.input
3
50
937
1
3_50_937_1.input
3
50
949
1
3_50_949_1.input
3
50
961
1
3_50_961_1.input
3
50
973
1
3_50_973_1.input
3
50
985
1
3_50_985_1.input
3
50
997
1
3_50_997_1.input
3
50
1009
1
3_50_1009_1.input
3
50
1021
1
3_50_1021_1.input
3
50
1033
1
3_50_1033_1.input
3
50
1045
1
3_50_1045_1.input
3
50
1057
1
3_50_1057_1.input
3
50
1069
1
3_50_1069_1.input
3
50
1081
1
3_50_1081_1.input
3
50
1093
1
3_50_1093_1.input
3
50
1105
1
3_50_1105_1.input
3
50
1117
1
3_50_1117_1.input
3
50
1129
1
3_50_1129_1.input
3
50
1141
1
3_50_1141_1.input
3
50
1153
1
3_50_1153_1.input
3
50
1165
1
3_50_1165_1.input
3
50
1177
1
3_50_1177_1.input
3
50
1189
1
3_50_1189_1.input
3
50
1201
1
3_50_1201_1.input
3
50
1213
1
3_50_1213_1.input
3
50
1225
1
3_50_1225_1.input
3
50
1237
1
3_50_1237_1.input
3
100
99
1
3_100_99_1.input
3
100
148
1
3_100_148_1.input
3
100
197
1
3_100_197_1.input
3
100
246
1
3_100_246_1.input
3
100
295
1
3_100_295_1.input
3
100
344
1
3_100_344_1.input
3
100
393
1
3_100_393_1.input
3
100
442
1
3_100_442_1.input
3
100
491
1
3_100_491_1.input
3
100
540
1
3_100_540_1.input
3
100
589
1
3_100_589_1.input
3
100
638
1
3_100_638_1.input
3
100
687
1
3_100_687_1.input
3
100
736
1
3_100_736_1.input
3
100
785
1
3_100_785_1.input
3
100
834
1
3_100_834_1.input
3
100
883
1
3_100_883_1.input
3
100
932
1
3_100_932_1.input
3
100
981
1
3_100_981_1.input
3
100
1030
1
3_100_1030_1.input
3
100
1079
1
3_100_1079_1.input
3
100
1128
1
3_100_1128_1.input
3
100
1177
1
3_100_1177_1.input
3
100
1226
1
3_100_1226_1.input
3
100
1275
1
3_100_1275_1.input
3
100
1324
1
3_100_1324_1.input
3
100
1373
1
3_100_1373_1.input
3
100
1422
1
3_100_1422_1.input
3
100
1471
1
3_100_1471_1.input
3
100
1520
1
3_100_1520_1.input
3
100
1569
1
3_100_1569_1.input
3
100
1618
1
3_100_1618_1.input
3
100
1667
1
3_100_1667_1.input
3
100
1716
1
3_100_1716_1.input
3
100
1765
1
3_100_1765_1.input
3
100
1814
1
3_100_1814_1.input
3
100
1863
1
3_100_1863_1.input
3
100
1912
1
3_100_1912_1.input
3
100
1961
1
3_100_1961_1.input
3
100
2010
1
3_100_2010_1.input
3
100
2059
1
3_100_2059_1.input
3
100
2108
1
3_100_2108_1.input
3
100
2157
1
3_100_2157_1.input
3
100
2206
1
3_100_2206_1.input
3
100
2255
1
3_100_2255_1.input
3
100
2304
1
3_100_2304_1.input
3
100
2353
1
3_100_2353_1.input
3
100
2402
1
3_100_2402_1.input
3
100
2451
1
3_100_2451_1.input
3
100
2500
1
3_100_2500_1.input
3
100
2549
1
3_100_2549_1.input
3
100
2598
1
3_100_2598_1.input
3
100
2647
1
3_100_2647_1.input
3
100
2696
1
3_100_2696_1.input
3
100
2745
1
3_100_2745_1.input
3
100
2794
1
3_100_2794_1.input
3
100
2843
1
3_100_2843_1.input
3
100
2892
1
3_100_2892_1.input
3
100
2941
1
3_100_2941_1.input
3
100
2990
1
3_100_2990_1.input
3
100
3039
1
3_100_3039_1.input
3
100
3088
1
3_100_3088_1.input
3
100
3137
1
3_100_3137_1.input
3
100
3186
1
3_100_3186_1.input
3
100
3235
1
3_100_3235_1.input
3
100
3284
1
3_100_3284_1.input
3
100
3333
1
3_100_3333_1.input
3
100
3382
1
3_100_3382_1.input
3
100
3431
1
3_100_3431_1.input
3
100
3480
1
3_100_3480_1.input
3
100
3529
1
3_100_3529_1.input
3
100
3578
1
3_100_3578_1.input
3
100
3627
1
3_100_3627_1.input
3
100
3676
1
3_100_3676_1.input
3
100
3725
1
3_100_3725_1.input
3
100
3774
1
3_100_3774_1.input
3
100
3823
1
3_100_3823_1.input
3
100
3872
1
3_100_3872_1.input
3
100
3921
1
3_100_3921_1.input
3
100
3970
1
3_100_3970_1.input
3
100
4019
1
3_100_4019_1.input
3
100
4068
1
3_100_4068_1.input
3
100
4117
1
3_100_4117_1.input
3
100
4166
1
3_100_4166_1.input
3
100
4215
1
3_100_4215_1.input
3
100
4264
1
3_100_4264_1.input
3
100
4313
1
3_100_4313_1.input
3
100
4362
1
3_100_4362_1.input
3
100
4411
1
3_100_4411_1.input
3
100
4460
1
3_100_4460_1.input
3
100
4509
1
3_100_4509_1.input
3
100
4558
1
3_100_4558_1.input
3
100
4607
1
3_100_4607_1.input
3
100
4656
1
3_100_4656_1.input
3
100
4705
1
3_100_4705_1.input
3
100
4754
1
3_100_4754_1.input
3
100
4803
1
3_100_4803_1.input
3
100
4852
1
3_100_4852_1.input
3
100
4901
1
3_100_4901_1.input
3
100
4950
1
3_100_4950_1.input
3
200
199
1
3_200_199_1.input
3
200
398
1
3_200_398_1.input
3
200
597
1
3_200_597_1.input
3
200
796
1
3_200_796_1.input
3
200
995
1
3_200_995_1.input
3
200
1194
1
3_200_1194_1.input
3
200
1393
1
3_200_1393_1.input
3
200
1592
1
3_200_1592_1.input
3
200
1791
1
3_200_1791_1.input
3
200
1990
1
3_200_1990_1.input
3
200
2189
1
3_200_2189_1.input
3
200
2388
1
3_200_2388_1.input
3
200
2587
1
3_200_2587_1.input
3
200
2786
1
3_200_2786_1.input
3
200
2985
1
3_200_2985_1.input
3
200
3184
1
3_200_3184_1.input
3
200
3383
1
3_200_3383_1.input
3
200
3582
1
3_200_3582_1.input
3
200
3781
1
3_200_3781_1.input
3
200
3980
1
3_200_3980_1.input
3
200
4179
1
3_200_4179_1.input
3
200
4378
1
3_200_4378_1.input
3
200
4577
1
3_200_4577_1.input
3
200
4776
1
3_200_4776_1.input
3
200
4975
1
3_200_4975_1.input
3
200
5174
1
3_200_5174_1.input
3
200
5373
1
3_200_5373_1.input
3
200
5572
1
3_200_5572_1.input
3
200
5771
1
3_200_5771_1.input
3
200
5970
1
3_200_5970_1.input
3
200
6169
1
3_200_6169_1.input
3
200
6368
1
3_200_6368_1.input
3
200
6567
1
3_200_6567_1.input
3
200
6766
1
3_200_6766_1.input
3
200
6965
1
3_200_6965_1.input
3
200
7164
1
3_200_7164_1.input
3
200
7363
1
3_200_7363_1.input
3
200
7562
1
3_200_7562_1.input
3
200
7761
1
3_200_7761_1.input
3
200
7960
1
3_200_7960_1.input
3
200
8159
1
3_200_8159_1.input
3
200
8358
1
3_200_8358_1.input
3
200
8557
1
3_200_8557_1.input
3
200
8756
1
3_200_8756_1.input
3
200
8955
1
3_200_8955_1.input
3
200
9154
1
3_200_9154_1.input
3
200
9353
1
3_200_9353_1.input
3
200
9552
1
3_200_9552_1.input
3
200
9751
1
3_200_9751_1.input
3
200
9950
1
3_200_9950_1.input
3
200
10149
1
3_200_10149_1.input
3
200
10348
1
3_200_10348_1.input
3
200
10547
1
3_200_10547_1.input
3
200
10746
1
3_200_10746_1.input
3
200
10945
1
3_200_10945_1.input
3
200
11144
1
3_200_11144_1.input
3
200
11343
1
3_200_11343_1.input
3
200
11542
1
3_200_11542_1.input
3
200
11741
1
3_200_11741_1.input
3
200
11940
1
3_200_11940_1.input
3
200
12139
1
3_200_12139_1.input
3
200
12338
1
3_200_12338_1.input
3
200
12537
1
3_200_12537_1.input
3
200
12736
1
3_200_12736_1.input
3
200
12935
1
3_200_12935_1.input
3
200
13134
1
3_200_13134_1.input
3
200
13333
1
3_200_13333_1.input
3
200
13532
1
3_200_13532_1.input
3
200
13731
1
3_200_13731_1.input
3
200
13930
1
3_200_13930_1.input
3
200
14129
1
3_200_14129_1.input
3
200
14328
1
3_200_14328_1.input
3
200
14527
1
3_200_14527_1.input
3
200
14726
1
3_200_14726_1.input
3
200
14925
1
3_200_14925_1.input
3
200
15124
1
3_200_15124_1.input
3
200
15323
1
3_200_15323_1.input
3
200
15522
1
3_200_15522_1.input
3
200
15721
1
3_200_15721_1.input
3
200
15920
1
3_200_15920_1.input
3
200
16119
1
3_200_16119_1.input
3
200
16318
1
3_200_16318_1.input
3
200
16517
1
3_200_16517_1.input
3
200
16716
1
3_200_16716_1.input
3
200
16915
1
3_200_16915_1.input
3
200
17114
1
3_200_17114_1.input
3
200
17313
1
3_200_17313_1.input
3
200
17512
1
3_200_17512_1.input
3
200
17711
1
3_200_17711_1.input
3
200
17910
1
3_200_17910_1.input
3
200
18109
1
3_200_18109_1.input
3
200
18308
1
3_200_18308_1.input
3
200
18507
1
3_200_18507_1.input
3
200
18706
1
3_200_18706_1.input
3
200
18905
1
3_200_18905_1.input
3
200
19104
1
3_200_19104_1.input
3
200
19303
1
3_200_19303_1.input
3
200
19502
1
3_200_19502_1.input
3
200
19701
1
3_200_19701_1.input
3
200
19900
1
3_200_19900_1.input
3
350
349
1
3_350_349_1.input
3
350
959
1
3_350_959_1.input
3
350
1569
1
3_350_1569_1.input
3
350
2179
1
3_350_2179_1.input
3
350
2789
1
3_350_2789_1.input
3
350
3399
1
3_350_3399_1.input
3
350
4009
1
3_350_4009_1.input
3
350
4619
1
3_350_4619_1.input
3
350
5229
1
3_350_5229_1.input
3
350
5839
1
3_350_5839_1.input
3
350
6449
1
3_350_6449_1.input
3
350
7059
1
3_350_7059_1.input
3
350
7669
1
3_350_7669_1.input
3
350
8279
1
3_350_8279_1.input
3
350
8889
1
3_350_8889_1.input
3
350
9499
1
3_350_9499_1.input
3
350
10109
1
3_350_10109_1.input
3
350
10719
1
3_350_10719_1.input
3
350
11329
1
3_350_11329_1.input
3
350
11939
1
3_350_11939_1.input
3
350
12549
1
3_350_12549_1.input
3
350
13159
1
3_350_13159_1.input
3
350
13769
1
3_350_13769_1.input
3
350
14379
1
3_350_14379_1.input
3
350
14989
1
3_350_14989_1.input
3
350
15599
1
3_350_15599_1.input
3
350
16209
1
3_350_16209_1.input
3
350
16819
1
3_350_16819_1.input
3
350
17429
1
3_350_17429_1.input
3
350
18039
1
3_350_18039_1.input
3
350
18649
1
3_350_18649_1.input
3
350
19259
1
3_350_19259_1.input
3
350
19869
1
3_350_19869_1.input
3
350
20479
1
3_350_20479_1.input
3
350
21089
1
3_350_21089_1.input
3
350
21699
1
3_350_21699_1.input
3
350
22309
1
3_350_22309_1.input
3
350
22919
1
3_350_22919_1.input
3
350
23529
1
3_350_23529_1.input
3
350
24139
1
3_350_24139_1.input
3
350
24749
1
3_350_24749_1.input
3
350
25359
1
3_350_25359_1.input
3
350
25969
1
3_350_25969_1.input
3
350
26579
1
3_350_26579_1.input
3
350
27189
1
3_350_27189_1.input
3
350
27799
1
3_350_27799_1.input
3
350
28409
1
3_350_28409_1.input
3
350
29019
1
3_350_29019_1.input
3
350
29629
1
3_350_29629_1.input
3
350
30239
1
3_350_30239_1.input
3
350
30849
1
3_350_30849_1.input
3
350
31459
1
3_350_31459_1.input
3
350
32069
1
3_350_32069_1.input
3
350
32679
1
3_350_32679_1.input
3
350
33289
1
3_350_33289_1.input
3
350
33899
1
3_350_33899_1.input
3
350
34509
1
3_350_34509_1.input
3
350
35119
1
3_350_35119_1.input
3
350
35729
1
3_350_35729_1.input
3
350
36339
1
3_350_36339_1.input
3
350
36949
1
3_350_36949_1.input
3
350
37559
1
3_350_37559_1.input
3
350
38169
1
3_350_38169_1.input
3
350
38779
1
3_350_38779_1.input
3
350
39389
1
3_350_39389_1.input
3
350
39999
1
3_350_39999_1.input
3
350
40609
1
3_350_40609_1.input
3
350
41219
1
3_350_41219_1.input
3
350
41829
1
3_350_41829_1.input
3
350
42439
1
3_350_42439_1.input
3
350
43049
1
3_350_43049_1.input
3
350
43659
1
3_350_43659_1.input
3
350
44269
1
3_350_44269_1.input
3
350
44879
1
3_350_44879_1.input
3
350
45489
1
3_350_45489_1.input
3
350
46099
1
3_350_46099_1.input
3
350
46709
1
3_350_46709_1.input
3
350
47319
1
3_350_47319_1.input
3
350
47929
1
3_350_47929_1.input
3
350
48539
1
3_350_48539_1.input
3
350
49149
1
3_350_49149_1.input
3
350
49759
1
3_350_49759_1.input
3
350
50369
1
3_350_50369_1.input
3
350
50979
1
3_350_50979_1.input
3
350
51589
1
3_350_51589_1.input
3
350
52199
1
3_350_52199_1.input
3
350
52809
1
3_350_52809_1.input
3
350
53419
1
3_350_53419_1.input
3
350
54029
1
3_350_54029_1.input
3
350
54639
1
3_350_54639_1.input
3
350
55249
1
3_350_55249_1.input
3
350
55859
1
3_350_55859_1.input
3
350
56469
1
3_350_56469_1.input
3
350
57079
1
3_350_57079_1.input
3
350
57689
1
3_350_57689_1.input
3
350
58299
1
3_350_58299_1.input
3
350
58909
1
3_350_58909_1.input
3
350
59519
1
3_350_59519_1.input
3
350
60129
1
3_350_60129_1.input
3
350
60739
1
3_350_60739_1.input
3
500
499
1
3_500_499_1.input
3
500
1746
1
3_500_1746_1.input
3
500
2993
1
3_500_2993_1.input
3
500
4240
1
3_500_4240_1.input
3
500
5487
1
3_500_5487_1.input
3
500
6734
1
3_500_6734_1.input
3
500
7981
1
3_500_7981_1.input
3
500
9228
1
3_500_9228_1.input
3
500
10475
1
3_500_10475_1.input
3
500
11722
1
3_500_11722_1.input
3
500
12969
1
3_500_12969_1.input
3
500
14216
1
3_500_14216_1.input
3
500
15463
1
3_500_15463_1.input
3
500
16710
1
3_500_16710_1.input
3
500
17957
1
3_500_17957_1.input
3
500
19204
1
3_500_19204_1.input
3
500
20451
1
3_500_20451_1.input
3
500
21698
1
3_500_21698_1.input
3
500
22945
1
3_500_22945_1.input
3
500
24192
1
3_500_24192_1.input
3
500
25439
1
3_500_25439_1.input
3
500
26686
1
3_500_26686_1.input
3
500
27933
1
3_500_27933_1.input
3
500
29180
1
3_500_29180_1.input
3
500
30427
1
3_500_30427_1.input
3
500
31674
1
3_500_31674_1.input
3
500
32921
1
3_500_32921_1.input
3
500
34168
1
3_500_34168_1.input
3
500
35415
1
3_500_35415_1.input
3
500
36662
1
3_500_36662_1.input
3
500
37909
1
3_500_37909_1.input
3
500
39156
1
3_500_39156_1.input
3
500
40403
1
3_500_40403_1.input
3
500
41650
1
3_500_41650_1.input
3
500
42897
1
3_500_42897_1.input
3
500
44144
1
3_500_44144_1.input
3
500
45391
1
3_500_45391_1.input
3
500
46638
1
3_500_46638_1.input
3
500
47885
1
3_500_47885_1.input
3
500
49132
1
3_500_49132_1.input
3
500
50379
1
3_500_50379_1.input
3
500
51626
1
3_500_51626_1.input
3
500
52873
1
3_500_52873_1.input
3
500
54120
1
3_500_54120_1.input
3
500
55367
1
3_500_55367_1.input
3
500
56614
1
3_500_56614_1.input
3
500
57861
1
3_500_57861_1.input
3
500
59108
1
3_500_59108_1.input
3
500
60355
1
3_500_60355_1.input
3
500
61602
1
3_500_61602_1.input
3
500
62849
1
3_500_62849_1.input
3
500
64096
1
3_500_64096_1.input
3
500
65343
1
3_500_65343_1.input
3
500
66590
1
3_500_66590_1.input
3
500
67837
1
3_500_67837_1.input
3
500
69084
1
3_500_69084_1.input
3
500
70331
1
3_500_70331_1.input
3
500
71578
1
3_500_71578_1.input
3
500
72825
1
3_500_72825_1.input
3
500
74072
1
3_500_74072_1.input
3
500
75319
1
3_500_75319_1.input
3
500
76566
1
3_500_76566_1.input
3
500
77813
1
3_500_77813_1.input
3
500
79060
1
3_500_79060_1.input
3
500
80307
1
3_500_80307_1.input
3
500
81554
1
3_500_81554_1.input
3
500
82801
1
3_500_82801_1.input
3
500
84048
1
3_500_84048_1.input
3
500
85295
1
3_500_85295_1.input
3
500
86542
1
3_500_86542_1.input
3
500
87789
1
3_500_87789_1.input
3
500
89036
1
3_500_89036_1.input
3
500
90283
1
3_500_90283_1.input
3
500
91530
1
3_500_91530_1.input
3
500
92777
1
3_500_92777_1.input
3
500
94024
1
3_500_94024_1.input
3
500
95271
1
3_500_95271_1.input
3
500
96518
1
3_500_96518_1.input
3
500
97765
1
3_500_97765_1.input
3
500
99012
1
3_500_99012_1.input
3
500
100259
1
3_500_100259_1.input
3
500
101506
1
3_500_101506_1.input
3
500
102753
1
3_500_102753_1.input
3
500
104000
1
3_500_104000_1.input
3
500
105247
1
3_500_105247_1.input
3
500
106494
1
3_500_106494_1.input
3
500
107741
1
3_500_107741_1.input
3
500
108988
1
3_500_108988_1.input
3
500
110235
1
3_500_110235_1.input
3
500
111482
1
3_500_111482_1.input
3
500
112729
1
3_500_112729_1.input
3
500
113976
1
3_500_113976_1.input
3
500
115223
1
3_500_115223_1.input
3
500
116470
1
3_500_116470_1.input
3
500
117717
1
3_500_117717_1.input
3
500
118964
1
3_500_118964_1.input
3
500
120211
1
3_500_120211_1.input
3
500
121458
1
3_500_121458_1.input
3
500
122705
1
3_500_122705_1.input
3
500
123952
1
3_500_123952_1.input
3
750
749
1
3_750_749_1.input
3
750
3557
1
3_750_3557_1.input
3
750
6365
1
3_750_6365_1.input
3
750
9173
1
3_750_9173_1.input
3
750
11981
1
3_750_11981_1.input
3
750
14789
1
3_750_14789_1.input
3
750
17597
1
3_750_17597_1.input
3
750
20405
1
3_750_20405_1.input
3
750
23213
1
3_750_23213_1.input
3
750
26021
1
3_750_26021_1.input
3
750
28829
1
3_750_28829_1.input
3
750
31637
1
3_750_31637_1.input
3
750
34445
1
3_750_34445_1.input
3
750
37253
1
3_750_37253_1.input
3
750
40061
1
3_750_40061_1.input
3
750
42869
1
3_750_42869_1.input
3
750
45677
1
3_750_45677_1.input
3
750
48485
1
3_750_48485_1.input
3
750
51293
1
3_750_51293_1.input
3
750
54101
1
3_750_54101_1.input
3
750
56909
1
3_750_56909_1.input
3
750
59717
1
3_750_59717_1.input
3
750
62525
1
3_750_62525_1.input
3
750
65333
1
3_750_65333_1.input
3
750
68141
1
3_750_68141_1.input
3
750
70949
1
3_750_70949_1.input
3
750
73757
1
3_750_73757_1.input
3
750
76565
1
3_750_76565_1.input
3
750
79373
1
3_750_79373_1.input
3
750
82181
1
3_750_82181_1.input
3
750
84989
1
3_750_84989_1.input
3
750
87797
1
3_750_87797_1.input
3
750
90605
1
3_750_90605_1.input
3
750
93413
1
3_750_93413_1.input
3
750
96221
1
3_750_96221_1.input
3
750
99029
1
3_750_99029_1.input
3
750
101837
1
3_750_101837_1.input
3
750
104645
1
3_750_104645_1.input
3
750
107453
1
3_750_107453_1.input
3
750
110261
1
3_750_110261_1.input
3
750
113069
1
3_750_113069_1.input
3
750
115877
1
3_750_115877_1.input
3
750
118685
1
3_750_118685_1.input
3
750
121493
1
3_750_121493_1.input
3
750
124301
1
3_750_124301_1.input
3
750
127109
1
3_750_127109_1.input
3
750
129917
1
3_750_129917_1.input
3
750
132725
1
3_750_132725_1.input
3
750
135533
1
3_750_135533_1.input
3
750
138341
1
3_750_138341_1.input
3
750
141149
1
3_750_141149_1.input
3
750
143957
1
3_750_143957_1.input
3
750
146765
1
3_750_146765_1.input
3
750
149573
1
3_750_149573_1.input
3
750
152381
1
3_750_152381_1.input
3
750
155189
1
3_750_155189_1.input
3
750
157997
1
3_750_157997_1.input
3
750
160805
1
3_750_160805_1.input
3
750
163613
1
3_750_163613_1.input
3
750
166421
1
3_750_166421_1.input
3
750
169229
1
3_750_169229_1.input
3
750
172037
1
3_750_172037_1.input
3
750
174845
1
3_750_174845_1.input
3
750
177653
1
3_750_177653_1.input
3
750
180461
1
3_750_180461_1.input
3
750
183269
1
3_750_183269_1.input
3
750
186077
1
3_750_186077_1.input
3
750
188885
1
3_750_188885_1.input
3
750
191693
1
3_750_191693_1.input
3
750
194501
1
3_750_194501_1.input
3
750
197309
1
3_750_197309_1.input
3
750
200117
1
3_750_200117_1.input
3
750
202925
1
3_750_202925_1.input
3
750
205733
1
3_750_205733_1.input
3
750
208541
1
3_750_208541_1.input
3
750
211349
1
3_750_211349_1.input
3
750
214157
1
3_750_214157_1.input
3
750
216965
1
3_750_216965_1.input
3
750
219773
1
3_750_219773_1.input
3
750
222581
1
3_750_222581_1.input
3
750
225389
1
3_750_225389_1.input
3
750
228197
1
3_750_228197_1.input
3
750
231005
1
3_750_231005_1.input
3
750
233813
1
3_750_233813_1.input
3
750
236621
1
3_750_236621_1.input
3
750
239429
1
3_750_239429_1.input
3
750
242237
1
3_750_242237_1.input
3
750
245045
1
3_750_245045_1.input
3
750
247853
1
3_750_247853_1.input
3
750
250661
1
3_750_250661_1.input
3
750
253469
1
3_750_253469_1.input
3
750
256277
1
3_750_256277_1.input
3
750
259085
1
3_750_259085_1.input
3
750
261893
1
3_750_261893_1.input
3
750
264701
1
3_750_264701_1.input
3
750
267509
1
3_750_267509_1.input
3
750
270317
1
3_750_270317_1.input
3
750
273125
1
3_750_273125_1.input
3
750
275933
1
3_750_275933_1.input
3
750
278741
1
3_750_278741_1.input
3
1000
999
1
3_1000_999_1.input
3
1000
5994
1
3_1000_5994_1.input
3
1000
10989
1
3_1000_10989_1.input
3
1000
15984
1
3_1000_15984_1.input
3
1000
20979
1
3_1000_20979_1.input
3
1000
25974
1
3_1000_25974_1.input
3
1000
30969
1
3_1000_30969_1.input
3
1000
35964
1
3_1000_35964_1.input
3
1000
40959
1
3_1000_40959_1.input
3
1000
45954
1
3_1000_45954_1.input
3
1000
50949
1
3_1000_50949_1.input
3
1000
55944
1
3_1000_55944_1.input
3
1000
60939
1
3_1000_60939_1.input
3
1000
65934
1
3_1000_65934_1.input
3
1000
70929
1
3_1000_70929_1.input
3
1000
75924
1
3_1000_75924_1.input
3
1000
80919
1
3_1000_80919_1.input
3
1000
85914
1
3_1000_85914_1.input
3
1000
90909
1
3_1000_90909_1.input
3
1000
95904
1
3_1000_95904_1.input
3
1000
100899
1
3_1000_100899_1.input
3
1000
105894
1
3_1000_105894_1.input
3
1000
110889
1
3_1000_110889_1.input
3
1000
115884
1
3_1000_115884_1.input
3
1000
120879
1
3_1000_120879_1.input
3
1000
125874
1
3_1000_125874_1.input
3
1000
130869
1
3_1000_130869_1.input
3
1000
135864
1
3_1000_135864_1.input
3
1000
140859
1
3_1000_140859_1.input
3
1000
145854
1
3_1000_145854_1.input
3
1000
150849
1
3_1000_150849_1.input
3
1000
155844
1
3_1000_155844_1.input
3
1000
160839
1
3_1000_160839_1.input
3
1000
165834
1
3_1000_165834_1.input
3
1000
170829
1
3_1000_170829_1.input
3
1000
175824
1
3_1000_175824_1.input
3
1000
180819
1
3_1000_180819_1.input
3
1000
185814
1
3_1000_185814_1.input
3
1000
190809
1
3_1000_190809_1.input
3
1000
195804
1
3_1000_195804_1.input
3
1000
200799
1
3_1000_200799_1.input
3
1000
205794
1
3_1000_205794_1.input
3
1000
210789
1
3_1000_210789_1.input
3
1000
215784
1
3_1000_215784_1.input
3
1000
220779
1
3_1000_220779_1.input
3
1000
225774
1
3_1000_225774_1.input
3
1000
230769
1
3_1000_230769_1.input
3
1000
235764
1
3_1000_235764_1.input
3
1000
240759
1
3_1000_240759_1.input
3
1000
245754
1
3_1000_245754_1.input
3
1000
250749
1
3_1000_250749_1.input
3
1000
255744
1
3_1000_255744_1.input
3
1000
260739
1
3_1000_260739_1.input
3
1000
265734
1
3_1000_265734_1.input
3
1000
270729
1
3_1000_270729_1.input
3
1000
275724
1
3_1000_275724_1.input
3
1000
280719
1
3_1000_280719_1.input
3
1000
285714
1
3_1000_285714_1.input
3
1000
290709
1
3_1000_290709_1.input
3
1000
295704
1
3_1000_295704_1.input
3
1000
300699
1
3_1000_300699_1.input
3
1000
305694
1
3_1000_305694_1.input
3
1000
310689
1
3_1000_310689_1.input
3
1000
315684
1
3_1000_315684_1.input
3
1000
320679
1
3_1000_320679_1.input
3
1000
325674
1
3_1000_325674_1.input
3
1000
330669
1
3_1000_330669_1.input
3
1000
335664
1
3_1000_335664_1.input
3
1000
340659
1
3_1000_340659_1.input
3
1000
345654
1
3_1000_345654_1.input
3
1000
350649
1
3_1000_350649_1.input
3
1000
355644
1
3_1000_355644_1.input
3
1000
360639
1
3_1000_360639_1.input
3
1000
365634
1
3_1000_365634_1.input
3
1000
370629
1
3_1000_370629_1.input
3
1000
375624
1
3_1000_375624_1.input
3
1000
380619
1
3_1000_380619_1.input
3
1000
385614
1
3_1000_385614_1.input
3
1000
390609
1
3_1000_390609_1.input
3
1000
395604
1
3_1000_395604_1.input
3
1000
400599
1
3_1000_400599_1.input
3
1000
405594
1
3_1000_405594_1.input
3
1000
410589
1
3_1000_410589_1.input
3
1000
415584
1
3_1000_415584_1.input
3
1000
420579
1
3_1000_420579_1.input
3
1000
425574
1
3_1000_425574_1.input
3
1000
430569
1
3_1000_430569_1.input
3
1000
435564
1
3_1000_435564_1.input
3
1000
440559
1
3_1000_440559_1.input
3
1000
445554
1
3_1000_445554_1.input
3
1000
450549
1
3_1000_450549_1.input
3
1000
455544
1
3_1000_455544_1.input
3
1000
460539
1
3_1000_460539_1.input
3
1000
465534
1
3_1000_465534_1.input
3
1000
470529
1
3_1000_470529_1.input
3
1000
475524
1
3_1000_475524_1.input
3
1000
480519
1
3_1000_480519_1.input
3
1000
485514
1
3_1000_485514_1.input
3
1000
490509
1
3_1000_490509_1.input
3
1000
495504
1
3_1000_495504_1.input
0
